1 0.61484375 0.60703125 0.190625 0.2046875
1 0.34921875 0.68984375 0.1921875 0.209375
1 0.45390625 0.6203125 0.159375 0.2171875
1 0.2296875 0.60703125 0.18125 0.18125
1 0.28046875 0.4390625 0.121875 0.1765625
1 0.37421875 0.509375 0.19375 0.203125
1 0.36328125 0.36328125 0.1125 0.103125
1 0.5234375 0.45625 0.128125 0.1453125
1 0.4359375 0.41953125 0.115625 0.125
2 0.70390625 0.3421875 0.109375 0.10625
2 0.53203125 0.28671875 0.1578125 0.09375
2 0.55 0.39921875 0.2203125 0.171875
2 0.62578125 0.24765625 0.1140625 0.153125