1 0.62421875 0.596875 0.20625 0.21875
1 0.36640625 0.70234375 0.2078125 0.2234375
1 0.46484375 0.62421875 0.1765625 0.228125
1 0.23984375 0.63046875 0.19375 0.19375
1 0.27578125 0.4578125 0.134375 0.184375
1 0.37578125 0.5203125 0.209375 0.2171875
1 0.3515625 0.37578125 0.1203125 0.1109375
1 0.51953125 0.4546875 0.1390625 0.1546875
1 0.42890625 0.42578125 0.125 0.1328125
2 0.6890625 0.325 0.1171875 0.1140625
2 0.51328125 0.28515625 0.1640625 0.10625
2 0.54140625 0.3953125 0.2328125 0.1890625
2 0.60390625 0.2375 0.125 0.1609375