2 0.62109375 0.71171875 0.234375 0.2125
2 0.4203125 0.6 0.1609375 0.196875
2 0.55625 0.5953125 0.1578125 0.1390625
2 0.71796875 0.434375 0.23125 0.3734375
2 0.6203125 0.28828125 0.11875 0.1234375
1 0.50078125 0.4484375 0.284375 0.2671875
1 0.15390625 0.51796875 0.2171875 0.26875
1 0.28828125 0.60546875 0.2078125 0.23125
1 0.3546875 0.45703125 0.1984375 0.259375
1 0.43046875 0.2421875 0.20625 0.23125
1 0.565625 0.3484375 0.1265625 0.178125
1 0.3296875 0.33515625 0.0859375 0.115625
2 0.2609375 0.42734375 0.0703125 0.153125