2 0.55859375 0.73671875 0.234375 0.2125
2 0.3953125 0.57421875 0.1609375 0.196875
2 0.52734375 0.60703125 0.1578125 0.1390625
2 0.72734375 0.49765625 0.23125 0.3734375
2 0.67421875 0.3296875 0.11875 0.1234375
1 0.51484375 0.45078125 0.284375 0.2671875
1 0.1625 0.421875 0.2171875 0.26875
1 0.2671875 0.54296875 0.2078125 0.23125
1 0.371875 0.41875 0.1984375 0.259375
1 0.5046875 0.2328125 0.20625 0.23125
1 0.6046875 0.37265625 0.1265625 0.178125
1 0.38125 0.29453125 0.0859375 0.115625
2 0.290625 0.3640625 0.0703125 0.153125