1 0.609375 0.61328125 0.18046875 0.19609375
1 0.33984375 0.68203125 0.18203125 0.2
1 0.44765625 0.61796875 0.14921875 0.209375
1 0.22421875 0.59296875 0.171875 0.171875
1 0.28359375 0.42734375 0.1125 0.1703125
1 0.37421875 0.503125 0.184375 0.19375
1 0.3703125 0.35625 0.1078125 0.096875
1 0.52578125 0.4578125 0.12109375 0.1390625
1 0.43984375 0.41640625 0.11015625 0.11875
2 0.71171875 0.353125 0.1046875 0.10078125
2 0.54296875 0.2890625 0.15390625 0.0859375
2 0.55546875 0.40234375 0.2125 0.1609375
2 0.6390625 0.2546875 0.10625 0.14765625