2 0.60546875 0.7203125 0.2171875 0.196875
2 0.5453125 0.6109375 0.121875 0.1046875
2 0.4171875 0.60234375 0.13125 0.15625
2 0.74140625 0.47109375 0.20625 0.3640625
2 0.6515625 0.3046875 0.1109375 0.1125
1 0.5203125 0.44453125 0.2609375 0.2375
1 0.16328125 0.47578125 0.1921875 0.26875
1 0.284375 0.5765625 0.184375 0.2203125
1 0.1125 0.4515625 0.1703125 0.2359375
1 0.3578125 0.31875 0.0703125 0.09375
1 0.3625 0.4421875 0.178125 0.2359375
1 0.46953125 0.2390625 0.1765625 0.21875
1 0.58828125 0.35859375 0.1125 0.16875
2 0.28359375 0.42421875 0.0734375 0.109375