2 0.59765625 0.72421875 0.21015625 0.1890625
2 0.54140625 0.6125 0.11875 0.1
2 0.4140625 0.59921875 0.1265625 0.1515625
2 0.7421875 0.4796875 0.19453125 0.35703125
2 0.65859375 0.31015625 0.1078125 0.10859375
1 0.521875 0.4453125 0.25234375 0.22890625
1 0.1640625 0.4640625 0.1828125 0.2625
1 0.28203125 0.56875 0.17734375 0.2140625
1 0.1140625 0.43828125 0.1625 0.2296875
1 0.3640625 0.3140625 0.06640625 0.0921875
1 0.36484375 0.4375 0.16953125 0.23046875
1 0.47890625 0.23828125 0.16875 0.21328125
1 0.59296875 0.36171875 0.10703125 0.165625
2 0.28671875 0.41640625 0.06953125 0.10703125