2 0.63125 0.70625 0.2375 0.2203125
2 0.55859375 0.6046875 0.1328125 0.1171875
2 0.43046875 0.61171875 0.1484375 0.16875
2 0.7359375 0.4421875 0.2484375 0.3828125
2 0.6265625 0.2875 0.1234375 0.1234375
1 0.51328125 0.4421875 0.284375 0.265625
1 0.1625 0.5171875 0.221875 0.2875
1 0.2953125 0.60234375 0.209375 0.2390625
1 0.109375 0.49921875 0.196875 0.2515625
1 0.33671875 0.3375 0.0796875 0.1015625
1 0.35703125 0.459375 0.203125 0.2546875
1 0.43828125 0.24453125 0.2 0.2375
1 0.5703125 0.34921875 0.13125 0.1796875
2 0.2765625 0.45078125 0.0859375 0.1171875