2 0.590625 0.7265625 0.2109375 0.184375
2 0.40703125 0.58828125 0.1375 0.17890625
2 0.5421875 0.60234375 0.1421875 0.12109375
2 0.725 0.465625 0.184375 0.3515625
2 0.6484375 0.30703125 0.10390625 0.109375
1 0.5078125 0.44921875 0.2546875 0.234375
1 0.1546875 0.46953125 0.18515625 0.2453125
1 0.27578125 0.575 0.18046875 0.20859375
1 0.36171875 0.4375 0.1671875 0.2390625
1 0.4671875 0.23515625 0.17890625 0.2078125
1 0.5859375 0.359375 0.10390625 0.165625
1 0.35390625 0.31328125 0.07109375 0.10625
2 0.2734375 0.39453125 0.05 0.146875